<?xml version="1.0"?>
<opencv_storage>
<filter1 type_id="opencv-matrix">
  <rows>8</rows>
  <cols>49</cols>
  <dt>d</dt>
  <data>
    -2.0938750233129672e-001 -2.2370186419784188e-001
    -2.2435713602909504e-001 -2.1248946593177101e-001
    -1.9269913155428325e-001 -1.6940809001856463e-001
    -1.4565333368535316e-001 -1.7317493320927524e-001
    -1.8455257768126448e-001 -1.8193105802582935e-001
    -1.6718244530447965e-001 -1.4580943239434499e-001
    -1.2303851327336490e-001 -1.0213095262687179e-001
    -1.1227610587657155e-001 -1.1621826399736207e-001
    -1.0763247519229854e-001 -8.9208159561909570e-002
    -6.7176503035785373e-002 -4.7572604195862025e-002
    -3.3695748058819606e-002 -3.9428572598353237e-002
    -3.3410609421363015e-002 -1.7554132855887663e-002
    4.6842088220636364e-003 2.6572095077955538e-002
    4.1411016111603624e-002 4.6005162019845586e-002
    3.2217773764092371e-002 4.7870636395692612e-002
    7.0202506615692967e-002 9.5186165736193554e-002
    1.1594220723156135e-001 1.2549383895813002e-001
    1.2094554390542167e-001 9.2445881084122050e-002
    1.1480191249614666e-001 1.4085032696277608e-001
    1.6634462312042278e-001 1.8474091008196356e-001
    1.8939570053039670e-001 1.7791912180805927e-001
    1.3195256609181577e-001 1.5636978590315090e-001
    1.8229735903897545e-001 2.0569597553036037e-001
    2.2083494958559111e-001 2.2202240645213980e-001
    2.0748693773367008e-001 -1.1804012935750660e-001
    -9.5436761976618240e-002 -3.7127907285881626e-002
    4.5498430101760218e-002 1.2753114532355264e-001
    1.8359272265980212e-001 2.0131094267499328e-001
    -1.4965097921631129e-001 -1.2649641871061212e-001
    -6.0802018254106291e-002 3.4014867449432849e-002
    1.2870373430963397e-001 1.9348045168599395e-001
    2.1371365904330672e-001 -1.7854657495979340e-001
    -1.5635004785292911e-001 -8.6781237391367838e-002
    1.5492676564584780e-002 1.1843021402678518e-001
    1.8944857981847457e-001 2.1247707539159033e-001
    -1.9985864399106418e-001 -1.7960662303692973e-001
    -1.0977386417441427e-001 -5.4017832502191816e-003
    1.0050888460444439e-001 1.7446264122248631e-001
    1.9989178382679409e-001 -2.1046988083802973e-001
    -1.9243415071543715e-001 -1.2543912372318458e-001
    -2.4062849196497801e-002 7.9545609629292011e-002
    1.5281046073825202e-001 1.7963236701800170e-001
    -2.0808736068723324e-001 -1.9200494638227542e-001
    -1.3062535360158359e-001 -3.7208088606553356e-002
    5.8802182097480053e-002 1.2760236166503067e-001
    1.5451416749266139e-001 -1.9261042889831947e-001
    -1.7786911836727898e-001 -1.2423783549962342e-001
    -4.2916971701367636e-002 4.0944541651394169e-002
    1.0190279764278329e-001 1.2752680103660266e-001
    1.9120075751570303e-001 8.1180702755073733e-002
    -5.1351444821718974e-002 -1.1459055815130534e-001
    -6.0659758346576623e-002 7.0751354697086516e-002
    1.9008677950110953e-001 1.7974511561376538e-001
    4.6575182518614075e-002 -1.1239232579719201e-001
    -1.8743014746086167e-001 -1.2197926514722537e-001
    3.5830511488514370e-002 1.7872807003250221e-001
    1.6751118693061551e-001 1.7571131039294322e-002
    -1.5973318625249627e-001 -2.4282476556360091e-001
    -1.6956190875705140e-001 6.3087093305017432e-003
    1.6597106575873793e-001 1.6358643912785165e-001
    7.5716572978267354e-003 -1.7624594958415682e-001
    -2.6194972691587071e-001 -1.8555400156959456e-001
    -3.0202966064294809e-003 1.6271065754299247e-001
    1.7005585225715369e-001 1.9768372448841606e-002
    -1.5782997487594624e-001 -2.4015560541774089e-001
    -1.6519970373505005e-001 1.2107452181995552e-002
    1.7210439075078574e-001 1.8205661387319944e-001
    4.8038782934554554e-002 -1.1149733395445624e-001
    -1.8509841025041443e-001 -1.1652331820597890e-001
    4.3957416532906225e-002 1.8760219956146279e-001
    1.9108976151872473e-001 7.9888489355366452e-002
    -5.3268280077777168e-002 -1.1461719784539459e-001
    -5.6804560609203816e-002 7.7921553260028989e-002
    1.9836751412083711e-001 2.2778586846206891e-001
    2.1576600392527695e-001 1.3507959721374818e-001
    4.4829495787856617e-003 -1.3151600142547604e-001
    -2.2449662783687205e-001 -2.4704691525567121e-001
    2.0445730245747801e-001 1.9640362376001325e-001
    1.2622752643827229e-001 1.0859151638678777e-002
    -1.0993314827388449e-001 -1.9260116812592132e-001
    -2.1220413870005250e-001 1.2283654300755352e-001
    1.1908537289632619e-001 7.8553513310082784e-002
    1.1101786765000034e-002 -6.0110551672961338e-002
    -1.0938130373154141e-001 -1.2173619951077316e-001
    3.4745749513488138e-003 2.8624990913226735e-003
    3.2212186155231256e-003 3.9974702134335360e-003
    4.0903477909481015e-003 2.8852757017752266e-003
    5.0975225565361572e-004 -1.1720034887106363e-001
    -1.1503505404789573e-001 -7.3910339825130261e-002
    -4.9770308404808502e-003 6.6210634491534692e-002
    1.1269536239163327e-001 1.2002849745460879e-001
    -2.0384635925982073e-001 -1.9812527225178977e-001
    -1.2713252180882270e-001 -9.6533166379057303e-003
    1.1157164503761394e-001 1.9140883083673196e-001
    2.0574428975795772e-001 -2.3325164669880580e-001
    -2.2375675528736977e-001 -1.4182510008360105e-001
    -8.4890743060653841e-003 1.2856073526110898e-001
    2.1922695874218204e-001 2.3710154240524439e-001
    1.2849199638778425e-001 1.7403639727380571e-001
    2.2464325698538187e-001 2.4642860737469516e-001
    2.2333716951861673e-001 1.7305051507648880e-001
    1.2985721794448016e-001 -1.8108274188450482e-002
    1.1972344966994447e-002 5.6548264841428365e-002
    7.6266217288317936e-002 5.2311605492838843e-002
    6.9773032927754747e-003 -1.9490589022319097e-002
    -1.4848288214544547e-001 -1.3890339213501285e-001
    -1.0542954434948849e-001 -9.0665255617635970e-002
    -1.1497033240572763e-001 -1.5223244282945111e-001
    -1.5827722547577200e-001 -1.9503074147639954e-001
    -1.9280490883433737e-001 -1.6289315070584207e-001
    -1.4961795875264858e-001 -1.7420334484921907e-001
    -2.0905519187169344e-001 -2.0822031315968059e-001
    -1.4179473405796364e-001 -1.2654000435613230e-001
    -8.7302422575784244e-002 -6.8977826736178513e-002
    -9.3249116973023322e-002 -1.3401353563704632e-001
    -1.4584885819617027e-001 -2.0365773264615951e-002
    1.7794426399917917e-002 7.1285096276517468e-002
    9.6935831792037255e-002 7.3712388778170518e-002
    2.3933769058166337e-002 -1.0245824653321599e-002
    1.0914326339590241e-001 1.6245932337644065e-001
    2.2257591400543753e-001 2.5134681647735491e-001
    2.3012994046922874e-001 1.7658088404907246e-001
    1.2690509374750372e-001 3.1802956335882693e-001
    6.4067422720512510e-002 -1.6505303151183681e-001
    -1.8899701250639100e-001 -4.4397430140237878e-002
    8.6790514017213799e-002 9.7302767720970518e-002
    2.7618813103640932e-001 8.0509210918361229e-003
    -2.1075413412522681e-001 -1.9978331269520397e-001
    -3.0468716014604345e-002 8.7411830133719975e-002
    6.2773226253240458e-002 1.9054234343592885e-001
    -4.7290775090500246e-002 -2.0050321482540934e-001
    -1.3298019697290303e-001 3.4734423089223247e-002
    9.2098081483226596e-002 1.1866006882885818e-003
    9.1089014601358723e-002 -8.0257257405806845e-002
    -1.3281429438927908e-001 -5.6801303294976282e-003
    1.3035794032106959e-001 9.0908569770125069e-002
    -8.3730454226034437e-002 3.0021580294273256e-003
    -9.1085703825490791e-002 -4.5709134206223558e-002
    1.2179701541443053e-001 2.0572770686039929e-001
    6.4649279406962065e-002 -1.8373910549621841e-001
    -6.1965788123138688e-002 -9.3821566601362746e-002
    1.4518330712832235e-002 1.9013889543995349e-001
    2.2061251585065761e-001 9.8928366803140346e-003
    -2.7559338098049124e-001 -9.7817738703628893e-002
    -9.7146363693487184e-002 2.5916121728092618e-002
